--- GaussianNB ---
[[ 4  9  7 11  2  0  1]
 [ 9 23  9 40  6  5  3]
 [ 6 22  7 25  6  3  0]
 [ 5 26 13 35 16  6  4]
 [ 4  8  4 23  9  4  6]
 [ 4  4  0  9  5  9  4]
 [ 1  5  2 18  9  6 12]]
              precision    recall  f1-score   support

          -1       0.12      0.12      0.12        34
          -2       0.24      0.24      0.24        95
          -3       0.17      0.10      0.13        69
           0       0.22      0.33      0.26       105
           1       0.17      0.16      0.16        58
           2       0.27      0.26      0.26        35
           3       0.40      0.23      0.29        53

    accuracy                           0.22       449
   macro avg       0.23      0.20      0.21       449
weighted avg       0.23      0.22      0.22       449

====================
--- SVC ---
[[  0   0   0  34   0   0   0]
 [  0   0   0  95   0   0   0]
 [  0   0   0  69   0   0   0]
 [  0   0   0 105   0   0   0]
 [  0   0   0  58   0   0   0]
 [  0   0   0  35   0   0   0]
 [  0   0   0  53   0   0   0]]
              precision    recall  f1-score   support

          -1       0.00      0.00      0.00        34
          -2       0.00      0.00      0.00        95
          -3       0.00      0.00      0.00        69
           0       0.23      1.00      0.38       105
           1       0.00      0.00      0.00        58
           2       0.00      0.00      0.00        35
           3       0.00      0.00      0.00        53

    accuracy                           0.23       449
   macro avg       0.03      0.14      0.05       449
weighted avg       0.05      0.23      0.09       449

====================
--- KNeighborsClassifier ---
[[ 7 13  2  8  3  0  1]
 [12 38 13 22  6  2  2]
 [ 9 27 12 15  5  0  1]
 [ 9 33 12 35  6  3  7]
 [ 9 16  6 19  4  1  3]
 [ 4  6  3  9  4  2  7]
 [ 5 13  2 12  3  2 16]]
              precision    recall  f1-score   support

          -1       0.13      0.21      0.16        34
          -2       0.26      0.40      0.32        95
          -3       0.24      0.17      0.20        69
           0       0.29      0.33      0.31       105
           1       0.13      0.07      0.09        58
           2       0.20      0.06      0.09        35
           3       0.43      0.30      0.36        53

    accuracy                           0.25       449
   macro avg       0.24      0.22      0.22       449
weighted avg       0.25      0.25      0.24       449

====================
--- LogisticRegression ---
[[ 0  7  0 27  0  0  0]
 [ 0 25  0 70  0  0  0]
 [ 0 24  2 43  0  0  0]
 [ 0 17  0 88  0  0  0]
 [ 0  9  0 46  1  0  2]
 [ 0  2  0 25  0  0  8]
 [ 0  3  0 42  1  0  7]]
              precision    recall  f1-score   support

          -1       0.00      0.00      0.00        34
          -2       0.29      0.26      0.27        95
          -3       1.00      0.03      0.06        69
           0       0.26      0.84      0.39       105
           1       0.50      0.02      0.03        58
           2       0.00      0.00      0.00        35
           3       0.41      0.13      0.20        53

    accuracy                           0.27       449
   macro avg       0.35      0.18      0.14       449
weighted avg       0.39      0.27      0.19       449

====================
--- RandomForestClassifier ---
[[  0   0   0  34   0   0   0]
 [  0   0   0  95   0   0   0]
 [  0   0   0  69   0   0   0]
 [  0   0   0 105   0   0   0]
 [  0   0   0  58   0   0   0]
 [  0   0   0  35   0   0   0]
 [  0   0   0  53   0   0   0]]
              precision    recall  f1-score   support

          -1       0.00      0.00      0.00        34
          -2       0.00      0.00      0.00        95
          -3       0.00      0.00      0.00        69
           0       0.23      1.00      0.38       105
           1       0.00      0.00      0.00        58
           2       0.00      0.00      0.00        35
           3       0.00      0.00      0.00        53

    accuracy                           0.23       449
   macro avg       0.03      0.14      0.05       449
weighted avg       0.05      0.23      0.09       449

====================
